0.1, 0.419101; 
0.11, 0.45358; 
0.12, 0.484469; 
0.13, 0.512575; 
0.14, 0.545297; 
0.15, 0.596141; 
0.16, 0.667209; 
0.17, 0.773405; 
0.18, 0.889539; 
0.19, 1.03331; 
0.2, 1.19775; 
0.21, 1.32294; 
0.22, 1.49042; 
0.23, 1.6568; 
0.24, 1.8767; 
0.25, 2.05717; 
0.26, 2.17676; 
0.27, 2.31176; 
0.28, 2.61673; 
0.29, 2.82683; 
0.3, 2.88877; 
0.31, 3.10386; 
0.32, 3.37226; 
0.33, 3.44552; 
0.34, 3.74981; 
0.35, 3.81112; 
0.36, 4.17766; 
0.37, 4.29535; 
0.38, 4.36244; 
0.39, 4.82171; 
0.4, 4.9146; 
0.41, 5.01154; 
0.42, 5.11582; 
0.43, 5.25656; 
0.44, 5.60191; 
0.45, 5.79518; 
0.46, 5.93648; 
0.47, 5.99311; 
0.48, 6.24818; 
0.49, 6.31161; 
0.5, 6.92972; 
0.51, 6.89222; 
0.52, 6.96; 
0.53, 7.25493; 
0.54, 7.28353; 
0.55, 7.41779; 
0.56, 7.53643; 
0.57, 7.73821; 
0.58, 7.87936; 
0.59, 7.93799; 
0.6, 8.0489; 
0.61, 8.20988; 
0.62, 8.39263; 
0.63, 8.48889; 
0.64, 8.91234; 
0.65, 9.02079; 
0.66, 9.01517; 
0.67, 9.19866; 
0.68, 9.35633; 
0.69, 9.5134; 
0.7, 9.6521; 
0.71, 9.69734; 
0.72, 9.88464; 
0.73, 9.94505; 
0.74, 10.0926; 
0.75, 10.2218; 
0.76, 10.2518; 
0.77, 10.3539; 
0.78, 10.5955; 
0.79, 10.6954; 
0.8, 10.8761; 
0.81, 10.9095; 
0.82, 11.1261; 
0.83, 11.2072; 
0.84, 11.2838; 
0.85, 11.3952; 
0.86, 11.4785; 
0.87, 11.6933; 
0.88, 11.7445; 
0.89, 11.8941; 
0.9, 12.0164; 
0.91, 12.1133; 
0.92, 12.1996; 
0.93, 12.3116; 
0.94, 12.4261; 
0.95, 12.5314; 
0.96, 12.6149; 
0.97, 12.7245; 
0.98, 12.7985; 
0.99, 12.8597; 
1, 13.5857; 
1.01, 13.4739; 
1.02, 13.5242; 
1.03, 13.6107; 
1.04, 13.6907; 
1.05, 13.7962; 
1.06, 13.8885; 
1.07, 14.0176; 
1.08, 14.0872; 
1.09, 14.2082; 
1.1, 14.2934; 
1.11, 14.4059; 
1.12, 14.5271; 
1.13, 14.6237; 
1.14, 14.7077; 
1.15, 14.808; 
1.16, 14.9044; 
1.17, 15.0778; 
1.18, 15.1562; 
1.19, 15.2831; 
1.2, 15.3465; 
1.21, 15.4936; 
1.22, 15.5605; 
1.23, 15.6687; 
1.24, 15.8096; 
1.25, 15.9024; 
1.26, 15.9682; 
1.27, 16.1146; 
1.28, 16.2287; 
1.29, 16.3287; 
1.3, 16.4509; 
1.31, 16.5535; 
1.32, 16.6682; 
1.33, 16.7656; 
1.34, 16.8633; 
1.35, 16.9627; 
1.36, 17.0645; 
1.37, 17.1866; 
1.38, 17.2692; 
1.39, 17.3984; 
1.4, 17.4948; 
1.41, 17.6095; 
1.42, 17.7137; 
1.43, 17.8124; 
1.44, 17.9299; 
1.45, 18.0308; 
1.46, 18.1354; 
1.47, 18.2499; 
1.48, 18.3541; 
1.49, 18.4689; 
1.5, 18.5841; 
1.51, 18.6806; 
1.52, 18.7912; 
1.53, 18.8882; 
1.54, 18.9945; 
1.55, 19.1119; 
1.56, 19.2093; 
1.57, 19.3189; 
1.58, 19.4149; 
1.59, 19.5446; 
1.6, 19.6479; 
1.61, 19.7499; 
1.62, 19.8635; 
1.63, 19.9579; 
1.64, 20.0819; 
1.65, 20.1833; 
1.66, 20.2884; 
1.67, 20.3983; 
1.68, 20.507; 
1.69, 20.6126; 
1.7, 20.7223; 
1.71, 20.8274; 
1.72, 20.9289; 
1.73, 21.0451; 
1.74, 21.1481; 
1.75, 21.2614; 
1.76, 21.3623; 
1.77, 21.4686; 
1.78, 21.5817; 
1.79, 21.6885; 
1.8, 21.8019; 
1.81, 21.9069; 
1.82, 22.0149; 
1.83, 22.1213; 
1.84, 22.2286; 
1.85, 22.3352; 
1.86, 22.4466; 
1.87, 22.5543; 
1.88, 22.6612; 
1.89, 22.7676; 
1.9, 22.8807; 
1.91, 22.9899; 
1.92, 23.0971; 
1.93, 23.2057; 
1.94, 23.3129; 
1.95, 23.4216; 
1.96, 23.5307; 
1.97, 23.6399; 
1.98, 23.7482; 
1.99, 23.8557; 
2, 23.975; 
